1.27808 63.7332588765518 61.9688752518751 5.55827772201241 5.06396105371821 52.8392347253361 74.6272830277675 63.7332588765518 21.7880483024313 0.9315 21.9083042694909 50.2412222042851 72.627783704026 61.4345029541555 22.3865614997409 0.95 52.0436939674739 71.8940565362763 61.9688752518751 19.8503625688024 0.92025
-1.02603 7.94460218425105 8.27094255774739 3.25514642318199 2.84003085944127 1.56463243040998 14.3245719380921 7.94460218425105 12.7599395076821 0.95975 21.9083042694909 2.06322082248721 14.1778654168792 8.12054311968318 12.1146445943919 0.95 2.70458435826016 13.8373007572346 8.27094255774739 11.1327163989745 0.92375
-0.24704 25.2849436403492 24.9849550577245 2.85116408297483 2.61988701263824 19.6967647237044 30.8731225569941 25.2849436403492 11.1763578332897 0.9495 21.9083042694909 19.1731225852034 30.1378779914783 24.6555002883408 10.9647554062749 0.95 19.8500708693893 30.1198392460597 24.9849550577245 10.2697683766704 0.93125
0.39191 42.4186125305484 43.2025069521155 3.65861670535661 3.46206270141631 35.2478555548129 49.589369506284 42.4186125305484 14.3415139514711 0.94275 21.9083042694909 36.4283658300907 50.9565757352856 43.6924707826881 14.5282099051948 0.95 36.4169887451201 49.9880251591109 43.2025069521155 13.5710364139908 0.935
1.27808 63.7332588765518 62.2581960859001 5.5521010782186 5.04763049864789 52.8513407247173 74.6151770283863 63.7332588765518 21.7638363036689 0.933 21.9083042694909 50.607308993623 73.3020452280463 61.9546771108346 22.6947362344233 0.95 52.3650221012843 72.1513700705159 62.2581960859001 19.7863479692317 0.919
-0.97559 8.83976234006083 8.81803313904683 3.37355557191986 2.9892189313322 2.22771491925348 15.4518097608682 8.83976234006083 13.2240948416147 0.9595 21.9083042694909 2.34032839861111 15.1612158426008 8.75077212060593 12.8208874439896 0.95 2.9592716917304 14.6767945863633 8.81803313904683 11.7175228946329 0.9185
-0.22347 25.8957667166069 25.5342021925982 2.83726637627215 2.63407879418016 20.334826804567 31.4567066286468 25.8957667166069 11.1218798240798 0.94725 21.9083042694909 19.6753352141101 30.7028637504844 25.1890994822972 11.0275285363743 0.95 20.3715026235644 30.696901761632 25.5342021925982 10.3253991380676 0.9315
0.41679 43.0868773042557 43.7242310269963 3.63450622118508 3.35599827167088 35.9633760091462 50.2103785993653 43.0868773042557 14.2470025902191 0.946 21.9083042694909 37.1542667808484 51.276215878185 44.2152413295167 14.1219490973366 0.95 37.1465952823428 50.3018667716499 43.7242310269963 13.1552714893072 0.93175
1.27808 63.7332588765518 62.150496390028 5.44768314007497 4.9574077228807 53.0559961228188 74.4105216302848 63.7332588765518 21.354525507466 0.9395 21.9083042694909 50.7854942265108 72.4186031007005 61.6020486636057 21.6331088741897 0.95 52.4341557965011 71.8668369835549 62.150496390028 19.4326811870538 0.926
-0.97559 8.83976234006083 8.83889527786608 3.31503054420697 2.90642650908531 2.34242186576495 15.3371028143567 8.83976234006083 12.9946809485918 0.96 21.9083042694909 2.52043148881827 15.0495769370107 8.78500421291448 12.5291454481924 0.95 3.14240399634641 14.5353865593858 8.83889527786608 11.3929825630393 0.923
-0.62726 15.997184795313 15.4105405015959 3.49670851880191 3.17163783234394 9.14376203402689 22.8506075565992 15.997184795313 13.7068455225723 0.95975 21.9083042694909 8.75488387584504 22.0054830461964 15.3801834610207 13.2505991703513 0.95 9.19424457819714 21.6268364249947 15.4105405015959 12.4325918467976 0.9315
-0.20782 26.303041225898 26.0860597674582 2.83406281706759 2.63538636418843 20.7483801745214 31.8577022772746 26.303041225898 11.1093221027532 0.94775 21.9083042694909 20.0948069443447 31.1876197955652 25.6412133699549 11.0928128512205 0.95 20.9207974083009 31.2513221266154 26.0860597674582 10.3305247183145 0.93425
0.45885 44.2124422519529 44.9559578649517 3.78381015398636 3.53306521408256 36.7963106258027 51.6285738781031 44.2124422519529 14.8322632523005 0.94525 21.9083042694909 38.1235273680221 52.534912479312 45.3292199236671 14.4113851112899 0.95 38.0312772903185 51.8806384395848 44.9559578649517 13.8493611492662 0.935
1.27808 63.7332588765518 62.0969833325967 5.58671535578107 5.19416366190865 52.783497987344 74.6830197657596 63.7332588765518 21.8995217784155 0.93525 21.9083042694909 50.3628206987597 73.0897193160082 61.7262700073839 22.7268986172485 0.95 51.9166096254491 72.2773570397443 62.0969833325967 20.3607474142953 0.927
-0.93933 9.50748917418028 9.35922846810583 3.37254410323232 2.93304090345175 2.897424195572 16.1175541527886 9.50748917418028 13.2201299572166 0.95675 21.9083042694909 2.75579482179815 15.6781370966116 9.21696595920486 12.9223422748134 0.95 3.61057393215758 15.1078830040541 9.35922846810583 11.4973090718965 0.91225
-0.18445 26.9136223040894 26.7022140373398 2.86349953244445 2.72643345185879 21.301266350751 32.5259782574278 26.9136223040894 11.2247119066768 0.9465 21.9083042694909 20.6426926928286 31.8462162349637 26.2444544638961 11.203523542135 0.95 21.3585026654514 32.0459254092283 26.7022140373398 10.6874227437769 0.93775
0.45885 44.2124422519529 44.9793378223601 3.74306948891487 3.50542568699571 36.876160862049 51.5487236418568 44.2124422519529 14.6725627798078 0.94225 21.9083042694909 38.2003159687318 52.7289273818213 45.4646216752766 14.5286114130896 0.95 38.108829725367 51.8498459193533 44.9793378223601 13.7410161939863 0.93475
1.27808 63.7332588765518 62.0219194147832 5.40298669716047 4.80681169093885 53.1435995411683 74.3229182119353 63.7332588765518 21.1793186707671 0.93275 21.9083042694909 50.8996541769545 72.6458133179163 61.7727337474354 21.7461591409618 0.95 52.6007416200769 71.4430972094894 62.0219194147832 18.8423555894124 0.91625
-0.91583 9.95072278768537 9.74931229530864 3.43587070845546 3.0021781730564 3.21653994357656 16.6849056317942 9.95072278768537 13.4683656882176 0.9575 21.9083042694909 3.0888965166367 16.0931104250069 9.59100347082181 13.0042139083702 0.95 3.86515120094583 15.6334733896714 9.74931229530864 11.7683221887256 0.919
-0.18445 26.9136223040894 26.7232194773683 2.82243218950939 2.64780303651731 21.3817568638445 32.4454877443343 26.9136223040894 11.0637308804898 0.95125 21.9083042694909 20.9070387733532 31.8013117553159 26.3541752643346 10.8942729819627 0.95 21.5336208876386 31.912818067098 26.7232194773683 10.3791971794594 0.9395
0.45885 44.2124422519529 45.0038566560575 3.80482348206126 3.59958280691397 36.7551252595806 51.6697592443253 44.2124422519529 14.9146339847447 0.94625 21.9083042694909 38.138293818226 52.9341071172114 45.5362004677187 14.7958132989854 0.95 37.9488039951365 52.0589093169785 45.0038566560575 14.110105321842 0.942
0.04587 33.0507060411209 33.3856356245331 2.86133501552245 2.70614437639005 27.4425924629935 38.6588196192482 33.0507060411209 11.2162271562547 0.9485 21.9083042694909 27.8865361706885 39.2683458653561 33.5774410180223 11.3818096946676 0.95 28.081690109843 38.6895811392232 33.3856356245331 10.6078910293802 0.9345
1.54664 68.4181223986545 66.6508509907746 6.80175650576541 5.85983274549414 55.0869246157433 81.7493201815657 68.4181223986545 26.6623955658224 0.9275 21.9083042694909 50.892877348988 78.1954280927626 64.5441527208753 27.3025507437746 0.95 55.1657898541776 78.1359121273716 66.6508509907746 22.970122273194 0.91025
-0.8815 10.6126315972485 10.4112894554655 3.44985967623832 3.09436264548857 3.85103088010437 17.3742323143926 10.6126315972485 13.5232014342882 0.96125 21.9083042694909 3.83425822013972 16.8143171275292 10.3242876738345 12.9800589073895 0.95 4.34645011520182 16.4761287957292 10.4112894554655 12.1296786805274 0.9275
-0.16118 27.5243018815114 27.384582899206 2.8069104466991 2.68368883895067 22.0228584981519 33.0257452648709 27.5243018815114 11.0028867667189 0.95175 21.9083042694909 21.5564286713489 32.4073479237714 26.9818882975601 10.8509192524226 0.95 22.1246494291505 32.6445163692614 27.384582899206 10.5198669401109 0.94475
0.45885 44.2124422519529 45.0034939258012 3.75478391842015 3.48070364280207 36.8532010021192 51.5716835017866 44.2124422519529 14.7184824996673 0.944 21.9083042694909 38.0508195610364 52.5792183665182 45.3150189637773 14.5283988054818 0.95 38.1814401450518 51.8255477065506 45.0034939258012 13.6441075614988 0.9325
1.54664 68.4181223986545 66.3767903343096 6.95585546393797 5.88197976237494 54.7848962076699 82.051348589639 68.4181223986545 27.2664523819691 0.9285 21.9083042694909 50.0253283202405 77.9059966221092 63.9656624711749 27.8806683018688 0.95 54.8483218422613 77.905258826358 66.3767903343096 23.0569369840967 0.9095
-0.8815 10.6126315972485 10.43469409229 3.47161991127559 3.04248154324655 3.8083816031362 17.4168815913608 10.6126315972485 13.6084999882246 0.9585 21.9083042694909 3.76563682716503 16.8935736313693 10.3296052292672 13.1279368042042 0.95 4.47153984389892 16.3978483406811 10.43469409229 11.9263084967822 0.921
-0.138 28.1351453287015 28.1039208854048 2.79556012946474 2.6173096908404 22.6559481583345 33.6143424990685 28.1351453287015 10.958394340734 0.94975 21.9083042694909 22.2498269241141 33.2417558292125 27.7457913766633 10.9919289050984 0.95 22.9740881549699 33.2337536158396 28.1039208854048 10.2596654608697 0.934
0.53672 46.2796141476787 46.888390756914 3.94192162211929 3.71989411587028 38.5535897384452 54.0056385569123 46.2796141476787 15.452048818467 0.95025 21.9083042694909 39.6725283686571 54.9732152369956 47.3228718028264 15.3006868683385 0.95 39.5975322635058 54.1792492503222 46.888390756914 14.5817169868164 0.93725
1.54664 68.4181223986545 66.2968197598427 6.98255722062268 5.92376370223068 54.7325617262439 82.103683071065 68.4181223986545 27.3711213448211 0.92975 21.9083042694909 50.1548799291873 78.0196102956259 64.0872451124066 27.8647303664386 0.95 54.6864562505449 77.9071832691405 66.2968197598427 23.2207270185956 0.912
-0.82647 11.7081361629264 11.3199891164559 3.4991288408645 3.04075912719568 4.8499696575666 18.5663026682862 11.7081361629264 13.7163330107196 0.95975 21.9083042694909 4.65546697918353 17.9025965299479 11.2790317545657 13.2471295507644 0.95 5.36021074149096 17.2797674914209 11.3199891164559 11.91955674993 0.912
0.74327 51.615895754693 51.9260348866607 4.16644238538746 3.99206888998491 43.4498187356724 59.7819727737136 51.615895754693 16.3321540380412 0.952 21.9083042694909 44.3275801804058 60.3711224180677 52.3493512992367 16.0435422376619 0.95 44.1017236384875 59.7503461348339 51.9260348866607 15.6486224963464 0.9435
-0.138 28.1351453287015 28.0283466882954 2.875035216618 2.75491739287129 22.5001798498459 33.7701108075571 28.1351453287015 11.2699309577112 0.94975 21.9083042694909 22.1690806174664 33.3581663158409 27.7636234666536 11.1890856983746 0.95 22.6288078178847 33.4278855587062 28.0283466882954 10.7990777408214 0.941
0.53672 46.2796141476787 46.9261146133497 3.83973756055495 3.57979674764817 38.7538668189054 53.8053614764521 46.2796141476787 15.0514946575468 0.95 21.9083042694909 40.0798109141286 54.6739889216923 47.3768999179104 14.5941780075637 0.95 39.9098419159857 53.9423873107137 46.9261146133497 14.0325453947281 0.938
1.54664 68.4181223986545 66.1879151363244 7.00016534569971 6.13259956559285 54.6980504352577 82.1381943620513 68.4181223986545 27.4401439267936 0.924 21.9083042694909 49.677065506226 78.2310314992032 63.9540485027146 28.5539659929771 0.95 54.1682408561564 78.2075894164924 66.1879151363244 24.0393485603359 0.91125
-0.82647 11.7081361629264 11.3196460064108 3.56903771002908 3.22957213949259 4.7129507918041 18.7033215340487 11.7081361629264 13.9903707422446 0.957 21.9083042694909 4.49677718097072 18.01084061364 11.2538088973054 13.5140634326693 0.95 4.98980092753133 17.6494910852902 11.3196460064108 12.6596901577589 0.933
-0.11488 28.7467563441625 28.7475926068291 2.7384379564966 2.57245998526213 23.3795165755317 34.1139961127933 28.7467563441625 10.7344795372616 0.95225 21.9083042694909 23.3136871354912 33.8930683903342 28.6033777629127 10.579381254843 0.95 23.7056636840449 33.7895215296133 28.7475926068291 10.0838578455684 0.93775
0.53672 46.2796141476787 47.0151968059171 3.91110058493017 3.63812315047575 38.6139978613021 53.9452304340554 46.2796141476787 15.3312325727533 0.9475 21.9083042694909 40.0690866331282 54.9388749057289 47.5039807694285 14.8697882726008 0.95 39.8846064596632 54.1457871521709 47.0151968059171 14.2611806925077 0.938
1.97051 73.1223820368236 74.5755929963287 7.67541005609214 6.16891610118774 58.0788547603064 88.1659093133407 73.1223820368236 30.0870545530343 0.96 21.9083042694909 61.1635380872066 88.8281805507138 74.9958593189602 27.6646424635072 0.95 62.4847396143515 86.6664463783059 74.5755929963287 24.1817067639544 0.9195
-0.82647 11.7081361629264 11.4567551864166 3.59758682635661 3.20561439283315 4.65699555201168 18.7592767738411 11.7081361629264 14.1022812218294 0.96475 21.9083042694909 4.70566309772031 18.1136488867332 11.4096559922267 13.4079857890129 0.95 5.17386642814044 17.7396439446929 11.4567551864166 12.5657775165524 0.93
-0.09951 29.1545691551463 29.1258788665122 2.77005057791488 2.58666669627909 23.7253697870787 34.5837685232138 29.1545691551463 10.858398736135 0.946 21.9083042694909 23.3335719395 34.3388569093019 28.8362144244009 11.0052849698018 0.95 24.0561053017959 34.1956524312284 29.1258788665122 10.1395471294324 0.932
0.53672 46.2796141476787 46.8800122974305 3.96125818074826 3.80967256609556 38.5156907799475 54.04353751541 46.2796141476787 15.5278467354625 0.95025 21.9083042694909 39.8714742152851 54.8791571286028 47.375315671944 15.0076829133177 0.95 39.4131912749929 54.3468333198681 46.8800122974305 14.9336420448752 0.9475
-2.25093 2.7090074796656 -3.55939802032522 16.0702293652666 6.92510909950844 -28.7880632995549 34.2060782588861 2.7090074796656 62.9941415584411 0.9915 21.9083042694909 -18.2706077990456 13.7814604059517 -2.24457369654695 32.0520682049972 0.95 -17.1323624443724 10.0135664037219 -3.55939802032522 27.1459288480943 0.91
1.97051 73.1223820368236 74.4357982395521 7.53872082156526 6.39253896703916 58.3467607370534 87.8980033365937 73.1223820368236 29.5512425995402 0.9575 21.9083042694909 60.7893040170711 88.5670905130007 74.6781972650359 27.7777864959296 0.95 61.9066520943865 86.9649443847177 74.4357982395521 25.0582922903313 0.9215
-0.78419 12.5774916172597 12.1419293586513 3.53378362295347 3.08818870327412 5.65140298711346 19.503580247406 12.5774916172597 13.8521772602926 0.96025 21.9083042694909 5.32983267223051 18.5386851181751 11.9342588952028 13.2088524459446 0.95 6.08919072277059 18.1946679945321 12.1419293586513 12.1054772717615 0.9245
-0.08416 29.5627671717402 29.6212857394969 2.77413018337736 2.60081060619157 24.1255719238951 34.9999624195853 29.5627671717402 10.8743904956903 0.948 21.9083042694909 23.9011003962073 34.8634348813349 29.3822676387711 10.9623344851277 0.95 24.5237906207516 34.7187808582421 29.6212857394969 10.1949902374905 0.93575
0.53672 46.2796141476787 46.8801329635967 3.92672176055343 3.67423496902755 38.5833809196843 53.9758473756732 46.2796141476787 15.3924664559889 0.95025 21.9083042694909 39.8354541888604 54.786310626833 47.3108824078467 14.9508564379726 0.95 39.6787647535651 54.0815011736284 46.8801329635967 14.4027364200633 0.939
1.97051 73.1223820368236 74.488583642397 6.9570957215186 6.16257024787287 59.4867249856494 86.7580390879977 73.1223820368236 27.2713141023483 0.93925 21.9083042694909 60.9654539567174 89.1770236626279 75.0712388096726 28.2115697059105 0.95 62.4101679043681 86.5669993804258 74.488583642397 24.1568314760578 0.9135
-0.76357 13.0098665575504 12.4682533231812 3.59785145089413 3.23871572036818 5.95820729207271 20.061525823028 13.0098665575504 14.1033185309553 0.96275 21.9083042694909 5.94708780938297 19.4397372309645 12.6934125201737 13.4926494215815 0.95 6.12048715509584 18.8160194912665 12.4682533231812 12.6955323361707 0.932
-0.05352 30.3801159783101 30.4917723718247 2.80756228715824 2.65755223179286 24.8773950111271 35.8828369454932 30.3801159783101 11.0054419343661 0.9455 21.9083042694909 24.7533058076609 36.0306029180795 30.3919543628702 11.2772971104185 0.95 25.2830657104766 35.7004790331727 30.4917723718247 10.4174133226961 0.93275
0.61798 48.4079795724188 48.8924220544814 4.05007139345361 3.88816466160913 40.4699855064338 56.3459736384038 48.4079795724188 15.87598813197 0.954 21.9083042694909 41.6195487548179 57.1636611731041 49.391604963961 15.5441124182862 0.95 41.2717593517662 56.5130847571967 48.8924220544814 15.2413254054305 0.947
1.97051 73.1223820368236 74.3409664693649 6.98219164187189 6.21342857160702 59.4375378855981 86.807226188049 73.1223820368236 27.369688302451 0.93925 21.9083042694909 61.3249586253528 88.5634105826327 74.9441846039928 27.2384519572799 0.95 62.162870248503 86.5190626902268 74.3409664693649 24.3561924417238 0.9165
-0.73324 13.6555291521115 13.1451764082944 3.56358868973542 3.19324094944386 6.67102366451582 20.6400346397072 13.6555291521115 13.9690109751914 0.96 21.9083042694909 6.52683657591633 19.7768427963198 13.1518396861181 13.2500062204035 0.95 6.88653915342598 19.4038136631629 13.1451764082944 12.5172745097369 0.92975
-0.60876 16.4188092868582 15.7296123561327 3.4672763366787 3.09737501430025 9.62307254252002 23.2145460311965 16.4188092868582 13.5914734886764 0.9555 21.9083042694909 9.11614698178981 22.3866564200273 15.7514017009086 13.2705094382375 0.95 9.65886888149 21.8003558307754 15.7296123561327 12.1414869492854 0.92175
-0.05352 30.3801159783101 30.572891218081 2.75612350027654 2.56770387532304 24.9782131808236 35.7820187757966 30.3801159783101 10.803805594973 0.9485 21.9083042694909 25.0462437746511 35.8934211790072 30.4698324768291 10.847177404356 0.95 25.5402840994839 35.6054983366781 30.572891218081 10.0652142371942 0.92975
0.61798 48.4079795724188 49.0067937278712 4.04466600716935 3.8551976966037 40.4805798688735 56.3353792759642 48.4079795724188 15.8547994070907 0.952 21.9083042694909 41.7754430105398 57.3098128336769 49.5426279221084 15.5343698231371 0.95 41.4507450892462 56.5628423664962 49.0067937278712 15.11209727725 0.94625
1.97051 73.1223820368236 74.5540081854212 6.87159766486238 6.20965316029249 59.6542980974437 86.5904659762034 73.1223820368236 26.9361678787596 0.93825 21.9083042694909 60.6107090879652 88.5153801392523 74.5630446136087 27.9046710512871 0.95 62.3833116347626 86.7247047360798 74.5540081854212 24.3413931013172 0.9195
-0.73324 13.6555291521115 13.1988132156243 3.55334259281475 3.14677452182222 6.69110564546245 20.6199526587606 13.6555291521115 13.9288470132982 0.962 21.9083042694909 6.52348290416804 19.875671067185 13.1995769856765 13.352188163017 0.95 7.0312484853845 19.3663779458641 13.1988132156243 12.3351294604796 0.92375
-0.05352 30.3801159783101 30.5228175614567 2.778508051386 2.60601322241922 24.934340266839 35.8258916897812 30.3801159783101 10.8915514229422 0.9505 21.9083042694909 25.0531339778597 35.8898904837172 30.4715122307884 10.8367565058575 0.95 25.4151255022799 35.6305096206335 30.5228175614567 10.2153841183537 0.93525
0.61798 48.4079795724188 49.0557274623202 4.03588889357015 3.80120107222909 40.4977826954161 56.3181764494215 48.4079795724188 15.8203937540054 0.945 21.9083042694909 41.9504456194 57.3082422376326 49.6293439285163 15.3577966182326 0.95 41.6055102627562 56.5059446618843 49.0557274623202 14.9004343991281 0.94075
1.97051 73.1223820368236 74.4865069052998 6.99766476191323 6.2615656511614 59.4072111275886 86.8375529460585 73.1223820368236 27.4303418184699 0.94225 21.9083042694909 61.0233467503524 88.927316701512 74.9753317259322 27.9039699511596 0.95 62.2140637421904 86.7589500684092 74.4865069052998 24.5448863262189 0.91925
-0.70356 14.2982000549378 13.7647359722851 3.55749242249682 3.14806984946949 7.32564303156988 21.2707570783057 14.2982000549378 13.9451140467358 0.96125 21.9083042694909 7.06259719645672 20.5256296636318 13.7941134300443 13.4630324671751 0.95 7.59463244650848 19.9348394980617 13.7647359722851 12.3402070515532 0.921
-0.02293 31.1992054823432 31.3856632803485 2.85483740928204 2.75743192260259 25.6038269784328 36.7945839862537 31.1992054823432 11.1907570078209 0.9455 21.9083042694909 25.670545259021 37.1559580366703 31.4132516478457 11.4854127776493 0.95 25.9811960222264 36.7901305384706 31.3856632803485 10.8089345162442 0.94075
0.61798 48.4079795724188 48.9821443984387 4.019561829834 3.8003444051458 40.5297831523123 56.2861759925254 48.4079795724188 15.7563928402131 0.95025 21.9083042694909 41.8285457050074 57.0999290334853 49.4642373692463 15.271383328478 0.95 41.5336062355047 56.4306825613728 48.9821443984387 14.8970763258681 0.94175
0.04587 33.0507060411209 33.3078924311615 2.88368110566255 2.69449261885783 27.3987949311236 38.7026171511181 33.0507060411209 11.3038222199945 0.9475 21.9083042694909 27.6136121724793 39.1000508051252 33.3568314888023 11.4864386326459 0.95 28.0267839415912 38.5890009207319 33.3078924311615 10.5622169791407 0.9325
1.97051 73.1223820368236 74.3221044983124 7.34951887025995 5.95887530457061 58.7175897474165 87.5271743262306 73.1223820368236 28.809584578814 0.9625 21.9083042694909 60.9325588254817 87.6169788150703 74.274768820276 26.6844199895885 0.95 62.6429235129889 86.001285483636 74.3221044983124 23.3583619706471 0.91525
-0.67449 14.9377302056598 14.3749575357903 3.50493783163994 3.03733548880656 8.06817828759356 21.807282123726 14.9377302056598 13.7391038361324 0.9595 21.9083042694909 7.86036385901277 21.0822518202528 14.4713078396328 13.22188796124 0.95 8.42188936876408 20.3280257028165 14.3749575357903 11.9061363340524 0.91775
-0.00764 31.6096507944137 31.7687653260133 2.83370455501063 2.67264608743299 26.0556919237657 37.1636096650616 31.6096507944137 11.1079177412959 0.94675 21.9083042694909 26.0897596558411 37.4724055185983 31.7810825872197 11.3826458627572 0.95 26.5304752512228 37.0070554008039 31.7687653260133 10.4765801495811 0.93375
0.74327 51.615895754693 52.040715544706 4.06887258524399 3.82539662319114 43.6410520299324 59.5907394794536 51.615895754693 15.9496874495212 0.957 21.9083042694909 44.5474626688449 59.9594287199989 52.2534456944219 15.411966051154 0.95 44.5430759366702 59.5383551527418 52.040715544706 14.9952792160715 0.94325
1.97051 73.1223820368236 74.5716747208472 6.76981504008043 5.97881344962921 59.8537883762683 86.3909756973788 73.1223820368236 26.5371873211105 0.93825 21.9083042694909 61.2580527327115 88.2867687479687 74.7724107403401 27.0287160152572 0.95 62.8534156892903 86.2899337524042 74.5716747208472 23.4365180631139 0.91425
0.74327 51.615895754693 51.8857716471765 4.11215213598297 3.88852112169117 43.5562256692169 59.6755658401691 51.615895754693 16.1193401709522 0.954 21.9083042694909 44.3987421070852 60.2849547862504 52.3418484466678 15.8862126791652 0.95 44.2644102955385 59.5071329988145 51.8857716471765 15.242722703276 0.9405
-1.83118 0.302397267977327 2.60269621491939 7.21159078074053 5.36290009594896 -13.8320609335152 14.4368554694699 0.302397267977326 28.2689164029851 0.93025 21.9083042694909 -8.61442491105913 18.2875671617178 4.83657112532935 26.901992072777 0.95 -7.90839482582697 13.1137872556657 2.60269621491939 21.0221820814927 0.87275
-0.58139 17.0491820113273 16.4500380030862 3.42137634614986 3.07343093433669 10.3434075953163 23.7549564273383 17.0491820113273 13.4115488320219 0.9495 21.9083042694909 9.74025100558094 22.8781564948712 16.3092037502261 13.1379054892903 0.95 10.426224062815 22.4738519433574 16.4500380030862 12.0476278805424 0.92225
0.06883 33.6708893470504 34.0292642550771 2.9043358388479 2.78380281198286 27.9784957038996 39.3632829902013 33.6708893470504 11.3847872863016 0.9425 21.9083042694909 28.3035303725822 40.0248114031963 34.1641708878893 11.721281030614 0.95 28.5731110035293 39.4854175066248 34.0292642550771 10.9123065030955 0.934
-2.25093 2.7090074796656 -3.06853377830222 14.5369364198908 6.37492284750408 -25.7828643488689 31.2008793082001 2.7090074796656 56.9837436570691 0.99425 21.9083042694909 -18.2212328613015 14.1104778685492 -2.05537749637618 32.3317107298507 0.95 -15.5631529636317 9.4260854070273 -3.06853377830222 24.9892383706591 0.874
0.74327 51.615895754693 51.8850464512787 4.11520164626418 3.91136467400488 43.5502487388953 59.6815427704907 51.615895754693 16.1312940315955 0.95475 21.9083042694909 44.4936441738009 60.1456623706772 52.319653272239 15.6520181968763 0.95 44.2189125598268 59.5511803427305 51.8850464512787 15.3322677829036 0.94475
-1.83118 0.302397267977327 2.63097670077503 6.99853385703483 5.25228980743841 -13.4144770363951 14.0192715723498 0.302397267977326 27.4337486087449 0.926 21.9083042694909 -8.64750543302851 18.4951329725972 4.92381376978435 27.1426384056257 0.95 -7.66332215817108 12.9252755597211 2.63097670077503 20.5885977178922 0.86975
-0.58139 17.0491820113273 16.3373236471842 3.48397781810607 3.16843061628215 10.220710964903 23.8776530577516 17.0491820113273 13.6569420928487 0.95 21.9083042694909 9.60975017572662 22.8177446629899 16.2137474193583 13.2079944872633 0.95 10.1273137517571 22.5473335426112 16.3373236471842 12.4200197908541 0.929
0.08416 34.0854785651943 34.4898781874875 2.93722748092674 2.75554561304034 28.3286184881766 39.842338642212 34.0854785651943 11.5137201540354 0.9435 21.9083042694909 28.971574699414 40.8083975116398 34.8899861055269 11.8368228122258 0.95 29.0891080281711 39.8906483468039 34.4898781874875 10.8015403186328 0.93
0.74327 51.615895754693 51.9550979069265 4.08465109210836 3.82066435642299 43.6101267247484 59.6216647846376 51.615895754693 16.0115380598892 0.9545 21.9083042694909 44.728542566081 60.2741597842448 52.5013511751629 15.5456172181638 0.95 44.4667333713215 59.4434624425314 51.9550979069265 14.9767290712099 0.94175
-1.83118 0.302397267977327 2.58067047926911 7.12540616592371 5.47582455818737 -13.6631421924528 14.2679367284074 0.302397267977326 27.9310789208602 0.923 21.9083042694909 -8.53101886252827 18.4683692669438 4.96867520220778 26.9993881294721 0.95 -8.15174844043807 13.3130893989763 2.58067047926911 21.4648378394144 0.8785
-0.54556 17.8858957778826 17.2777814963023 3.40957093582703 3.0773514436039 11.2032595409271 24.5685320148381 17.8858957778826 13.365272473911 0.9545 21.9083042694909 10.7294560383328 23.676208303937 17.2028321711349 12.9467522656043 0.95 11.2462834990663 23.3092794935382 17.2777814963023 12.062995994472 0.92675
0.09951 34.5009574749549 34.9274788621279 2.98535038066026 2.85660468753465 28.6497782476278 40.3521367022819 34.5009574749549 11.7023584546541 0.9415 21.9083042694909 29.1466417438781 41.0497426894117 35.0981922166449 11.9031009455336 0.95 29.3286365564917 40.5263211677641 34.9274788621279 11.1976846112724 0.935
0.74327 51.615895754693 51.8938276643575 4.09990979651393 3.84705621875116 43.5802202136628 59.6515712957233 51.615895754693 16.0713510820605 0.95425 21.9083042694909 44.6659490065749 60.4060349907124 52.5359919986436 15.7400859841374 0.95 44.3537360291044 59.4339192996106 51.8938276643575 15.0801832705062 0.94325
-1.65679 0.732912719775136 3.49503027408719 5.90577248969357 4.4762064390129 -10.8421886609117 12.308014100462 0.732912719775135 23.1502027613737 0.9065 21.9083042694909 -5.29447645975108 17.0798972574545 5.89271039885173 22.3743737172056 0.95 -5.27817313374437 12.2682336819188 3.49503027408719 17.5464068156631 0.87925
-0.67449 14.9377302056598 14.4261709802682 3.57104260237983 3.15064489653736 7.9386153177371 21.9368450935824 14.9377302056598 13.9982297758453 0.95925 21.9083042694909 7.74520306057355 21.188024385246 14.4666137229098 13.4428213246724 0.95 8.25102045498003 20.6013215055563 14.4261709802682 12.3503010505763 0.92225
-0.54556 17.8858957778826 17.2297340200662 3.38980428457426 3.01468058447539 11.2420014654775 24.5297900902877 17.8858957778826 13.2877886248102 0.95075 21.9083042694909 10.6735317947005 23.6105925598653 17.1420621772829 12.9370607651648 0.95 11.3210686496023 23.1383993905301 17.2297340200662 11.8173307409278 0.9195
0.11488 34.9172800289448 35.3051459223401 2.96049253613022 2.74914596560373 29.1148212816299 40.7197387762597 34.9172800289448 11.6049174946298 0.94325 21.9083042694909 29.6930539409043 41.3611839776839 35.5271189592941 11.6681300367797 0.95 29.9169188415132 40.693373003167 35.3051459223401 10.7764541616538 0.9275
0.74327 51.615895754693 51.9215188635017 4.14877354673957 3.98613543347288 43.4844490230709 59.7473424863151 51.615895754693 16.2628934632441 0.955 21.9083042694909 44.3797174740443 60.1476535781969 52.2636855261206 15.7679361041525 0.95 44.1088369763959 59.7342007506075 51.9215188635017 15.6253637742116 0.9475
-1.65679 0.732912719775136 3.40483756222039 5.73554392421327 4.43083840851754 -10.5085468034304 11.9743722429807 0.732912719775135 22.4829190464111 0.90625 21.9083042694909 -5.05681243893491 16.733266985956 5.83822727351054 21.7900794248909 0.95 -5.27944613979076 12.0891212642315 3.40483756222039 17.3685674040223 0.89025
-0.49309 19.1335412642492 18.5193096835917 3.31639652015177 3.00344341170928 12.6335235262978 25.6335590022007 19.1335412642492 13.0000354759029 0.955 21.9083042694909 12.176041654228 24.6047286541011 18.3903851541646 12.4286869998731 0.95 12.6326687670374 24.405950600146 18.5193096835917 11.7732818331086 0.9295
0.138 35.5439897725429 36.0121748346711 3.07256129592608 2.89363636467124 29.5218802922361 41.5660992528498 35.5439897725429 12.0442189606137 0.943 21.9083042694909 30.1861033486011 42.4075618582692 36.2968326034352 12.2214585096681 0.95 30.3407517755601 41.6835978937821 36.0121748346711 11.3428461182221 0.932
0.92752 56.1224284824674 55.8166279645177 4.21402490466211 3.98827381908388 47.8630914393748 64.38176552556 56.1224284824674 16.5186740861851 0.96225 21.9083042694909 48.2728244275019 64.0312947599825 56.1520595937422 15.7584703324806 0.95 47.9997549186293 63.6335010104061 55.8166279645177 15.6337460917768 0.95075
-1.54664 1.38938552192282 3.93857536008075 4.84525695979707 3.75869495350602 -8.10714361512148 10.8859146589671 1.38938552192282 18.9930582740886 0.8975 21.9083042694909 -3.494906733472 14.8310482376495 5.66807075208877 18.3259549711216 0.95 -3.4283313776635 11.305482097825 3.93857536008075 14.7338134754885 0.8835
-0.49309 19.1335412642492 18.5369666645884 3.32010138292645 3.01213131943439 12.6262621286918 25.6408203998067 19.1335412642492 13.0145582711149 0.953 21.9083042694909 12.0842846007771 24.7113072038923 18.3977959023347 12.6270226031153 0.95 12.6332977617918 24.4406355673849 18.5369666645884 11.807337805593 0.93125
0.138 35.5439897725429 35.9959446904972 3.08822674542797 2.95598036361523 29.4911765754107 41.5968029696751 35.5439897725429 12.1056263942643 0.941 21.9083042694909 29.9855112933729 42.3264246857384 36.1559679895557 12.3409133923655 0.95 30.2023296388037 41.7895597421906 35.9959446904972 11.5872301033869 0.93225
0.01528 32.2260761366434 32.5151404646794 2.85411602915702 2.68552547576922 26.6321115117972 37.8200407614897 32.2260761366434 11.1879292496925 0.945 21.9083042694909 26.6888755661233 38.156645468912 32.4227605175176 11.4677699027888 0.95 27.2516072526069 37.7786736767519 32.5151404646794 10.5270664241449 0.933
0.92752 56.1224284824674 55.9430792790543 4.23944744003388 4.05663320847609 47.8132641856505 64.4315927792844 56.1224284824674 16.6183285936339 0.96225 21.9083042694909 48.4606477811056 64.1975680252365 56.3291079031711 15.736920244131 0.95 47.992224291952 63.8939342661566 55.9430792790543 15.9017099742046 0.95
-1.54664 1.38938552192282 3.73585665222324 4.86309838820947 3.92929592539214 -8.14211217224253 10.9208832160882 1.38938552192282 19.0629953883307 0.9105 21.9083042694909 -3.87877277289997 14.6904800827894 5.40585365494473 18.5692528556894 0.95 -3.96542184614533 11.4371351505918 3.73585665222324 15.4025569967371 0.8985
-0.49309 19.1335412642492 18.4459761563188 3.28652295045303 2.92396243214799 12.692074646997 25.5750078815015 19.1335412642492 12.8829332345045 0.94675 21.9083042694909 12.0250056704475 24.7036830727593 18.3643443716034 12.6786774023117 0.95 12.7151150971606 24.176837215477 18.4459761563188 11.4617221183164 0.919
0.16893 36.3830248248517 36.965867511506 3.12594628249248 2.97020331566914 30.2562826935596 42.5097669561438 36.3830248248517 12.2534842625843 0.94375 21.9083042694909 31.1227308188668 43.6822640221717 37.4024974205193 12.5595332033048 0.95 31.144375986033 42.787359036979 36.965867511506 11.6429830509459 0.9325
0.92752 56.1224284824674 55.8185082995761 4.21362681620064 3.97893612870136 47.863871678422 64.3809852865128 56.1224284824674 16.5171136080909 0.96 21.9083042694909 48.0787072678452 64.0169088452927 56.047808056569 15.9382015774475 0.95 48.0199367905362 63.617079808616 55.8185082995761 15.5971430180798 0.945
-1.47488 1.96708158839015 4.31605549333952 4.32474654807682 3.49883854135994 -6.50926588810434 10.4434290648846 1.96708158839015 16.952694952989 0.90675 21.9083042694909 -3.0073522320756 13.538479808436 5.26556378818019 16.5458320405116 0.95 -2.54154203544662 11.1736530221257 4.31605549333952 13.7151950575723 0.8965
-0.49309 19.1335412642492 18.534021112826 3.32049600042369 2.99807116256924 12.6254886926095 25.6415938358889 19.1335412642492 13.0161051432794 0.95425 21.9083042694909 12.0722066327248 24.7872511875438 18.4297289101343 12.7150445548191 0.95 12.6579096111021 24.4101326145498 18.534021112826 11.7522230034477 0.92725
0.16893 36.3830248248517 36.9568059288094 3.2221797528728 3.1235274552544 30.0676685575068 42.6983810921966 36.3830248248517 12.6307125346897 0.9405 21.9083042694909 30.9809114735628 43.6529711062599 37.3169412899113 12.6720596326971 0.95 30.8348046117887 43.07880724583 36.9568059288094 12.2440026340413 0.941
0.92752 56.1224284824674 55.8477787150312 4.2895457661699 4.18624761411697 47.7150732707381 64.5297836941967 56.1224284824674 16.8147104234586 0.95875 21.9083042694909 48.0230409126986 64.2074012964153 56.115221104557 16.1843603837166 0.95 47.6428841609953 64.0526732690672 55.8477787150312 16.409789108072 0.95425
-1.36986 3.01427958186557 4.82664015410544 3.4991985461687 2.85404633681805 -3.84402354337999 9.87258270711113 3.01427958186557 13.7166062504911 0.923 21.9083042694909 -1.58003769098442 12.2084394946679 5.31420090184173 13.7884771856523 0.95 -0.76718787626642 10.4204681844773 4.82664015410544 11.1876560607437 0.8965
0.74327 51.615895754693 51.9656486953472 4.12543519815149 3.88314638586387 43.5301913457622 59.7016001636238 51.615895754693 16.1714088178616 0.95625 21.9083042694909 44.4670605149141 60.1226944738127 52.2948774943634 15.6556339588986 0.95 44.3548216323571 59.5764757583373 51.9656486953472 15.2216541259801 0.9415
-0.45038 20.1675589308329 19.5581798946068 3.20936063407015 2.90769204296459 13.8773276746548 26.457790187011 20.1675589308329 12.5804625123562 0.94925 21.9083042694909 13.1637651901002 25.4557806442917 19.309772917196 12.2920154541914 0.95 13.8592082122625 25.257151576951 19.5581798946068 11.3979433646886 0.92525
0.19223 37.0153378880888 37.6366819674084 3.17903181787594 2.95644083380776 30.7845500193451 43.2461257568326 37.0153378880888 12.4615757374875 0.939 21.9083042694909 31.7279450387941 44.3955648866734 38.0617549627337 12.6676198478793 0.95 31.8421644107216 43.4311995240951 37.6366819674084 11.5890351133736 0.928
0.92752 56.1224284824674 55.8768664809175 4.32903274229112 4.25275991166674 47.6376802196822 64.6071767452527 56.1224284824674 16.9694965255705 0.95725 21.9083042694909 47.824843105307 64.268291189436 56.0465671473715 16.443448084129 0.95 47.541610219155 64.21212274268 55.8768664809175 16.6705125235251 0.95275
-1.36986 3.01427958186557 4.85954867705724 3.6087298401298 3.10465990362387 -4.05870093472382 10.087260098455 3.01427958186557 14.1459610331788 0.9165 21.9083042694909 -1.5641127183447 12.4007144032522 5.41830084245377 13.9648271215969 0.95 -1.22547291829115 10.9445702724056 4.85954867705724 12.1700431906968 0.913
-0.42514 20.7859571733223 20.2297107778162 3.18663804622244 2.87937612696639 14.5402613709613 27.0316529756834 20.7859571733223 12.4913916047221 0.953 21.9083042694909 13.7573619950174 26.0986255790809 19.9279937870491 12.3412635840634 0.95 14.5862372710177 25.8731842846148 20.2297107778162 11.2869470135971 0.926
0.20782 37.4384484044437 38.020565371929 3.27330752620703 3.1576700107314 31.022883542754 43.8540132661334 37.4384484044437 12.8311297233794 0.93825 21.9083042694909 31.929071518276 44.8988967863104 38.4139841522932 12.9698252680344 0.95 31.8316458758333 44.2094848680248 38.020565371929 12.3778389921915 0.935
0.92752 56.1224284824674 55.9810452894656 4.31414762604379 4.18929872943733 47.6668545114326 64.5780024535022 56.1224284824674 16.9111479420696 0.95775 21.9083042694909 48.1747525743197 64.4600331667795 56.3173928705496 16.2852805924598 0.95 47.770170659289 64.1919199196421 55.9810452894656 16.4217492603532 0.9525
-1.36986 3.01427958186557 4.81137471158498 3.60056029754321 3.03562527105233 -4.04268892548394 10.0712480892151 3.01427958186557 14.113937014699 0.92 21.9083042694909 -1.85214023167141 12.2903639647896 5.21911186655907 14.142504196461 0.95 -1.13834149023723 10.7610909134072 4.81137471158498 11.8994324036444 0.90725
-0.42514 20.7859571733223 20.2140954110246 3.22942712368605 2.95378902959518 14.4563963202009 27.1155180264438 20.7859571733223 12.6591217062429 0.948 21.9083042694909 13.7245634559825 26.143814999031 19.9341892275068 12.4192515430485 0.95 14.4247752950885 26.0034155269607 20.2140954110246 11.5786402318721 0.92775
0.22347 37.8631538928813 38.4762942289262 3.28686938577941 3.10686512883768 31.4210082748663 44.3052995108962 37.8631538928813 12.8842912360299 0.94175 21.9083042694909 32.6657131783467 45.7117037123883 39.1887084453675 13.0459905340416 0.95 32.386950471581 44.5656379862714 38.4762942289262 12.1786875146905 0.93575
-2.25093 2.7090074796656 -2.81388074791337 14.1210807743736 6.64878081180518 -24.9678022608877 30.3858172202189 2.7090074796656 55.3536194811066 0.993 21.9083042694909 -18.2304407819486 14.8238529949956 -1.70329389347652 33.0542937769442 0.95 -15.8452516801525 10.2174901843258 -2.81388074791337 26.0627418644783 0.879
0.92752 56.1224284824674 55.7875513220153 4.287841659097 4.17469930706578 47.7184132592268 64.526443705708 56.1224284824674 16.8080304464812 0.956 21.9083042694909 47.8898091099437 64.3054808461237 56.0976449780337 16.41567173618 0.95 47.6052910338821 63.9698116101486 55.7875513220153 16.3645205762665 0.9475
-1.36986 3.01427958186557 4.81417880285736 3.57127757777549 3.07321968851564 -3.98529584936983 10.013855013101 3.01427958186557 13.9991508624708 0.91425 21.9083042694909 -1.66885736717051 12.2261374742371 5.27864005353332 13.8949948414077 0.95 -1.2092211032127 10.8375787089274 4.81417880285736 12.0467998121401 0.9115
-0.40018 21.402598570236 20.8964389858115 3.13950178186668 2.86445083265026 15.249288148378 27.555908992094 21.402598570236 12.306620843716 0.9495 21.9083042694909 14.6222757144711 26.6272460004348 20.6247608574529 12.0049702859637 0.95 15.2822185183312 26.5106594532918 20.8964389858115 11.2284409349606 0.93225
0.24704 38.502616539166 39.0957089536925 3.26808842801876 3.07101714847125 32.0972809219571 44.9079521563749 38.502616539166 12.8106712344178 0.94125 21.9083042694909 33.0868546542788 45.9537294588517 39.5202920565653 12.8668748045729 0.95 33.0766259467839 45.114791960601 39.0957089536925 12.0381660138171 0.932
0.92752 56.1224284824674 55.8122285023709 4.23289741955704 4.02310839213154 47.8261019898831 64.4187549750517 56.1224284824674 16.5926529851687 0.955 21.9083042694909 48.0261246107048 64.3312820127298 56.1787033117173 16.305157402025 0.95 47.9270809478922 63.6973760568495 55.8122285023709 15.7702951089573 0.94225
-1.24423 4.56276192938478 5.8782226894983 3.1377955637999 2.76770280086233 -1.58720436651257 10.7127282252821 4.56276192938478 12.2999325917947 0.9365 21.9083042694909 -0.202163892980819 11.7863527841386 5.79209444557891 11.9885166771195 0.95 0.453624879897498 11.3028204990991 5.8782226894983 10.8491956192016 0.9225
-0.38367 21.8131701831878 21.3540484188827 3.12396237748254 2.94630323710965 15.6903164342639 27.9360239321117 21.8131701831878 12.2457074978478 0.95175 21.9083042694909 15.0912474585908 27.1814983622683 21.1363729104296 12.0902509036775 0.95 15.579400186614 27.1286966511514 21.3540484188827 11.5492964645374 0.94
0.24704 38.502616539166 39.1506085946878 3.2783761723815 3.05023237687955 32.077117313524 44.928115764808 38.502616539166 12.850998451284 0.938 21.9083042694909 33.1412091683968 45.9589431077707 39.5500761380838 12.8177339393739 0.95 33.1722629915259 45.1289541978498 39.1506085946878 11.9566912063239 0.9315
1.07922 59.5930326144326 58.7539852975159 4.6209615776455 4.44573663345016 50.5361143483041 68.6499508805612 59.5930326144326 18.1138365322571 0.95025 21.9083042694909 50.120408511085 68.039268276803 59.079838393944 17.918859765718 0.95 50.0405016112033 67.4674689838286 58.7539852975159 17.4269673726253 0.943
-1.24423 4.56276192938478 5.69892916573514 3.07452199284161 2.65533893380206 -1.46319044626109 10.5887143050306 4.56276192938478 12.0519047512917 0.939 21.9083042694909 -0.342251550660183 11.4871258389002 5.57243714412002 11.8293773895604 0.95 0.494560488736107 10.9032978427342 5.69892916573514 10.4087373539981 0.91475
-0.64598 15.5743053938024 14.9266546721249 3.49560064650857 3.10944973317594 8.7230540223107 22.4255567652942 15.5743053938024 13.7025027429835 0.9545 21.9083042694909 8.28809460282559 21.6158432393646 14.9519689210951 13.327748636539 0.95 8.83224518336235 21.0210641608874 14.9266546721249 12.1888189775251 0.92275
-0.36727 22.2230579556936 21.7343682516316 3.05449746953747 2.77408243666633 16.2363529245314 28.2097629868557 22.2230579556936 11.9734100623243 0.948 21.9083042694909 15.3849728649546 27.3384499409635 21.361711402959 11.9534770760088 0.95 16.2972665856205 27.1714699176427 21.7343682516316 10.8742033320222 0.926
0.3026 40.0082449002352 40.6237341366579 3.45418968267055 3.28563363825834 33.238157526431 46.7783322740393 40.0082449002352 13.5401747476082 0.9405 21.9083042694909 34.2962746120624 47.7782535817077 41.037264096885 13.4819789696453 0.95 34.1840105392783 47.0634577340376 40.6237341366579 12.8794471947593 0.93575
1.07922 59.5930326144326 58.7084894403154 4.60967577481175 4.42345704121997 50.5582341153948 68.6278311134704 59.5930326144326 18.0695969980756 0.946 21.9083042694909 50.0655255633635 68.399870032411 59.2326977978873 18.3343444690476 0.95 50.0386729523642 67.3783059282667 58.7084894403154 17.3396329759025 0.9385
-1.24423 4.56276192938478 5.78531980018523 3.14183136177656 2.76387677989137 -1.59511438519572 10.7206382439653 4.56276192938478 12.315752629161 0.93625 21.9083042694909 -0.488507525310151 11.6707266440997 5.59110955939477 12.1592341694098 0.95 0.368220853891596 11.2024187464789 5.78531980018523 10.8341978925873 0.91975
-0.35097 22.632415342584 22.1712290666075 3.01621958936058 2.74881524402832 16.7207335779731 28.5440971071949 22.632415342584 11.8233635292218 0.94825 21.9083042694909 16.0617810475393 27.7658488745144 21.9138149610268 11.7040678269751 0.95 16.7836501881573 27.5588079450577 22.1712290666075 10.7751577569004 0.9255
0.3026 40.0082449002352 40.7083916049642 3.45739988044955 3.27118889003824 33.231865654401 46.7846241460693 40.0082449002352 13.5527584916684 0.93875 21.9083042694909 34.599070195082 48.037546770529 41.3183084828055 13.438476575447 0.95 34.2969791938617 47.1198040160667 40.7083916049642 12.822824822205 0.9355
1.07922 59.5930326144326 58.7044527967102 4.56547229719768 4.3983390369221 50.6448713395098 68.5411938893554 59.5930326144326 17.8963225498456 0.947 21.9083042694909 50.0836170709411 67.9979071443026 59.0407621076219 17.9142900733615 0.95 50.0838666925463 67.3250389008741 58.7044527967102 17.2411722083278 0.9395
-1.16529 5.6896898871998 6.53261323229979 3.12664752229437 2.73072612905909 -0.438426648848557 11.8178064232482 5.6896898871998 12.2562330720967 0.95 21.9083042694909 0.198159271526618 12.1555542691049 6.17685677031574 11.9573949975783 0.95 1.18048836770151 11.8847380968981 6.53261323229979 10.7042497291966 0.92075
-0.32669 23.245699250594 22.7448987854357 3.07020954208162 2.89186174991785 17.2281991231228 29.2631993780652 23.245699250594 12.0350002549424 0.9485 21.9083042694909 16.5896379564331 28.3315380592612 22.4605880078472 11.7419001028281 0.95 17.0769539073278 28.4128436635437 22.7448987854357 11.3358897562159 0.9405
0.3026 40.0082449002352 40.6602957090428 3.36192299306102 3.06561111546526 33.4189969150384 46.5974928854319 40.0082449002352 13.1784959703934 0.94075 21.9083042694909 34.5615064328245 47.7799255086683 41.1707159707464 13.2184190758438 0.95 34.6518083321253 46.6687830859604 40.6602957090428 12.0169747538351 0.92675
0.01528 32.2260761366434 32.4714421947746 2.91994191023287 2.8312524003064 26.5030951556379 37.949057117649 32.2260761366434 11.445961962011 0.945 21.9083042694909 26.7504042373743 38.5099956681352 32.6301999527547 11.7595914307609 0.95 26.9222894590315 38.0205949305178 32.4714421947746 11.0983054714862 0.9375
1.07922 59.5930326144326 58.6951632655081 4.56817906794183 4.31080130890434 50.6395661663369 68.5464990625284 59.5930326144326 17.9069328961915 0.9495 21.9083042694909 50.1372724975917 68.0260156570275 59.0816440773096 17.8887431594359 0.95 50.2461479555474 67.1441785754687 58.6951632655081 16.8980306199212 0.9365
-1.16529 5.6896898871998 6.54632076413561 3.07572192762056 2.69192309588162 -0.338614317396617 11.7179940917962 5.6896898871998 12.0566084091928 0.9475 21.9083042694909 0.341247556307749 12.2233393707552 6.28229346353149 11.8820918144475 0.95 1.27024844705607 11.8223930812151 6.54632076413561 10.5521446341591 0.91425
-0.32669 23.245699250594 22.8230041816555 3.02835885469493 2.78367456134799 17.310224963129 29.181173538059 23.245699250594 11.87094857493 0.94575 21.9083042694909 16.6097752220944 28.3470829049162 22.4784290635053 11.7373076828218 0.95 17.3671022967331 28.2789060665779 22.8230041816555 10.9118037698448 0.93025
0.3026 40.0082449002352 40.6615406068211 3.43404188426133 3.22964457019345 33.2776464856809 46.7388433147894 40.0082449002352 13.4611968291085 0.94225 21.9083042694909 34.6956426198001 47.9364535329177 41.3160480763589 13.2408109131176 0.95 34.3315535663766 46.9915276472657 40.6615406068211 12.659974080889 0.9375
1.27808 63.7332588765518 62.0732505612787 5.53375786082197 5.0832199174625 52.8872927701753 74.5792249829283 63.7332588765518 21.6919322127529 0.92925 21.9083042694909 50.3335492716127 73.0045741861686 61.6690617288907 22.6710249145559 0.95 52.1103225975555 72.0361785250018 62.0732505612787 19.9258559274463 0.92125
-1.12122 6.36755813558903 6.99658599793945 3.13227164850038 2.7680949761467 0.228418514732382 12.5066977564457 6.36755813558903 12.2782792417133 0.952 21.9083042694909 0.902155673423746 12.8223901357523 6.86227290458804 11.9202344623286 0.95 1.57121953890565 12.4219524569732 6.99658599793945 10.8507329180676 0.92175
-0.3026 23.8581792466 23.4429999481974 2.9793042688558 2.78299924658738 18.0188501806562 29.6975083125438 23.8581792466 11.6786581318876 0.9505 21.9083042694909 17.257833536812 28.8622147027153 23.0600241197637 11.6043811659034 0.95 17.9884216558841 28.8975782405108 23.4429999481974 10.9091565846267 0.93575
0.3026 40.0082449002352 40.6520073971131 3.40700804904048 3.14488120933001 33.3306318290777 46.6858579713926 40.0082449002352 13.3552261423148 0.93875 21.9083042694909 34.1816411220011 47.7282573397451 40.9549492308731 13.5466162177439 0.95 34.4881534911695 46.8158613030567 40.6520073971131 12.3277078118872 0.92725
1.27808 63.7332588765518 62.115840679114 5.51189678198535 5.08029754238054 52.9301396973583 74.5363780557453 63.7332588765518 21.606238358387 0.93775 21.9083042694909 50.6446578268254 72.5043671361811 61.5745124815033 21.8597093093557 0.95 52.1586404653008 72.0730408929273 62.115840679114 19.9144004276264 0.925
-1.09301 6.8191324448715 7.33430955975621 3.15835614312276 2.76185407912932 0.628868154000052 13.0093967357429 6.8191324448715 12.3805285817429 0.95575 21.9083042694909 1.21833090769771 13.0708837688298 7.14460733826375 11.8525528611321 0.95 1.92117503410771 12.7474440854047 7.33430955975621 10.826269051297 0.924
0.74327 51.615895754693 51.945418158618 4.13045357165677 3.89066912962662 43.5203555144309 59.7114359949551 51.615895754693 16.1910804805242 0.95475 21.9083042694909 44.5801925844628 60.2082863940286 52.3942394892457 15.6280938095658 0.95 44.319846788788 59.570989528448 51.945418158618 15.25114273966 0.943
-0.27868 24.4700935711202 24.1475746131021 2.9642535301093 2.76851777567687 18.6602634110603 30.2799237311802 24.4700935711202 11.6196603201199 0.94675 21.9083042694909 17.8913696217668 29.5984060464444 23.7448878341056 11.7070364246777 0.95 18.7213794822165 29.5737697439877 24.1475746131021 10.8523902617712 0.93125
0.35097 41.315649415817 41.9595522996996 3.47750743422994 3.23655563808821 34.4998600887561 48.131438742878 41.315649415817 13.6315786541219 0.94325 21.9083042694909 35.4890994801578 49.3312220818785 42.4101607810182 13.8421226017207 0.95 35.6160198150866 48.3030847843125 41.9595522996996 12.6870649692259 0.9295
1.27808 63.7332588765518 62.0144113842819 5.5209547227914 5.05579114624148 52.9123864596043 74.5541312934993 63.7332588765518 21.6417448338949 0.932 21.9083042694909 50.1112982535224 72.6656989266633 61.3884985900928 22.5544006731408 0.95 52.1052428242921 71.9235799442717 62.0144113842819 19.8183371199796 0.9185
-1.06564 7.27010418657643 7.60126240675478 3.26893171722707 2.89247796859306 0.8631157528907 13.6770926202622 7.27010418657643 12.8139768673715 0.953 21.9083042694909 1.21799474220653 13.7903026111548 7.50414867668068 12.5723078689483 0.95 1.93210976223681 13.2704150512727 7.60126240675478 11.3383052890359 0.9245
-0.27868 24.4700935711202 24.1052471423638 2.92314946337279 2.67504687773952 18.740825901482 30.1993612407585 24.4700935711202 11.4585353392765 0.94875 21.9083042694909 17.9012834980111 29.3274132851907 23.6143483916009 11.4261297871796 0.95 18.862251605038 29.3482426796896 24.1052471423638 10.4859910746516 0.93075
0.36727 41.7552407774061 42.4554021313899 3.56747251899837 3.32562318523883 34.7631231243329 48.7473584304792 41.7552407774061 13.9842353061464 0.9365 21.9083042694909 35.9705018951428 49.9862277128609 42.9783648040018 14.0157258177181 0.95 35.9373004621704 48.9735038006094 42.4554021313899 13.036203338439 0.92725
1.27808 63.7332588765518 62.1028605430835 5.51698709704342 4.97233400019397 52.9201628631745 74.5463548899291 63.7332588765518 21.6261920267546 0.9375 21.9083042694909 50.1987218321617 72.7550614771435 61.4768916546526 22.5563396449818 0.95 52.3572649835994 71.8484561025677 62.1028605430835 19.4911911189683 0.91925
-1.02603 7.94460218425105 8.12389359803212 3.29506332430898 2.89693633420324 1.48639674182663 14.4028076266755 7.94460218425105 12.9164108848488 0.955 21.9083042694909 1.67528877126072 14.268308453626 7.97179861244334 12.5930196823652 0.95 2.44600271748829 13.801784478576 8.12389359803212 11.3557817610877 0.92025
-0.24704 25.2849436403492 24.9842086937728 2.89322965303119 2.67505670697291 19.6143177214048 30.9555695592937 25.2849436403492 11.3412518378889 0.94625 21.9083042694909 18.9485533052394 30.2036082079856 24.5760807566125 11.2550549027461 0.95 19.7411938915036 30.227223496042 24.9842086937728 10.4860296045384 0.928
0.39191 42.4186125305484 43.0914328478167 3.62203934861892 3.3653729760148 35.3195458566684 49.5176792044284 42.4186125305484 14.19813334776 0.94125 21.9083042694909 36.4736917383234 50.6737769998507 43.573734369087 14.2000852615273 0.95 36.4954230202833 49.6874426753501 43.0914328478167 13.1920196550668 0.93025
-2.25093 2.7090074796656 -2.93210418878803 12.6988262988919 5.97881969683306 -22.1802347120926 27.5982496714238 2.7090074796656 49.7784843835165 0.9905 21.9083042694909 -18.0208843047079 13.2586895154841 -2.38109739461188 31.279573820192 0.95 -14.6503754646395 8.78616708706345 -2.93210418878803 23.436542551703 0.8475
